,mass_MMC,mass_transverse_met_lep,mass_vis,pt_h,deltaeta_jet_jet,mass_jet_jet,prodeta_jet_jet,deltar_tau_lep,pt_tot,sum_pt,pt_ratio_lep_tau,met_phi_centrality,lep_eta_centrality
mass_MMC,1.0,-0.4111054351426082,0.19024142168788094,0.20372769759823234,0.16299334630616416,0.16296323743979785,0.16293212678874242,0.26346183871205964,0.09489249739550701,0.2143784175692999,0.04740535632843715,0.35634143198260193,0.16297769752851307
mass_transverse_met_lep,-0.4111054351426082,1.0,0.21638207299764486,-0.2580523264984445,-0.17034939897221174,-0.17876634074110326,-0.1701534474762414,0.07811233073728722,-0.055915004835615144,-0.13179299737455755,0.34405918343681513,-0.4242643592085343,-0.17028553259586415
mass_vis,0.19024142168788094,0.21638207299764486,1.0,-0.024177269265294423,-0.009278673786283179,-0.016965414873961457,-0.009184592844550043,0.649283809277953,0.006741226503542358,0.1307481088083455,0.12768400478885178,-0.07125156614335844,-0.009249869074740775
pt_h,0.20372769759823234,-0.2580523264984445,-0.024177269265294423,1.0,0.5275056396913025,0.5433666324628922,0.527488303609483,-0.42380292583103235,0.3857690074627825,0.8008260360542727,0.12349662254368689,0.5494228526618764,0.5275634851694098
deltaeta_jet_jet,0.16299334630616416,-0.17034939897221174,-0.009278673786283179,0.5275056396913025,1.0,0.9768986283717788,0.9999898134869019,-0.2308757914589842,0.36581398836071133,0.685350924931207,0.04992537889236105,0.3487897034384313,0.9999989934208359
mass_jet_jet,0.16296323743979785,-0.17876634074110326,-0.016965414873961457,0.5433666324628922,0.9768986283717788,1.0,0.976218046640958,-0.24024538389340774,0.3838091177175343,0.7221357342933266,0.04412367721443776,0.3520595509971481,0.9766870305030225
prodeta_jet_jet,0.16293212678874242,-0.1701534474762414,-0.009184592844550043,0.527488303609483,0.9999898134869019,0.976218046640958,1.0,-0.2308295014520467,0.3658120329906174,0.6853542428230976,0.0500698612712344,0.34867539481310195,0.9999940525677772
deltar_tau_lep,0.26346183871205964,0.07811233073728722,0.649283809277953,-0.42380292583103235,-0.2308757914589842,-0.24024538389340774,-0.2308295014520467,1.0,-0.14039156101434475,-0.2983897398211679,0.0931709068854269,-0.14130908198606243,-0.23089216748196698
pt_tot,0.09489249739550701,-0.055915004835615144,0.006741226503542358,0.3857690074627825,0.36581398836071133,0.3838091177175343,0.3658120329906174,-0.14039156101434475,1.0,0.4760093861338699,0.03318697473261648,0.24810053216111197,0.36584422972382896
sum_pt,0.2143784175692999,-0.13179299737455755,0.1307481088083455,0.8008260360542727,0.685350924931207,0.7221357342933266,0.6853542428230976,-0.2983897398211679,0.4760093861338699,1.0,0.139022557760758,0.40507502084318814,0.6854345943786175
pt_ratio_lep_tau,0.04740535632843715,0.34405918343681513,0.12768400478885178,0.12349662254368689,0.04992537889236105,0.04412367721443776,0.0500698612712344,0.0931709068854269,0.03318697473261648,0.139022557760758,1.0,-0.015545890213338388,0.049996807536252394
met_phi_centrality,0.35634143198260193,-0.4242643592085343,-0.07125156614335844,0.5494228526618764,0.3487897034384313,0.3520595509971481,0.34867539481310195,-0.14130908198606243,0.24810053216111197,0.40507502084318814,-0.015545890213338388,1.0,0.348765303981733
lep_eta_centrality,0.16297769752851307,-0.17028553259586415,-0.009249869074740775,0.5275634851694098,0.9999989934208359,0.9766870305030225,0.9999940525677772,-0.23089216748196698,0.36584422972382896,0.6854345943786175,0.049996807536252394,0.348765303981733,1.0
