,mass_MMC,mass_transverse_met_lep,mass_vis,pt_h,deltaeta_jet_jet,mass_jet_jet,prodeta_jet_jet,deltar_tau_lep,pt_tot,sum_pt,pt_ratio_lep_tau,met_phi_centrality,lep_eta_centrality
mass_MMC,1.0,-0.48094503153847723,0.05347704638095144,0.10010145654750305,0.07184101481808262,0.05914610509376757,0.0719131400324135,0.12685759677492384,-0.1269564459278556,0.04843477699448603,-0.04436183969398195,0.2308509351790351,0.07186336735917606
mass_transverse_met_lep,-0.48094503153847723,1.0,0.13578492560401337,-0.11421730931150051,-0.0783863913635323,-0.07803377450781036,-0.07824993140862924,-0.03784253535987667,0.14680779898358792,-0.0329239494474305,0.22137619854071294,-0.22682952576783696,-0.0783552396781685
mass_vis,0.05347704638095144,0.13578492560401337,1.0,-0.2062651345241559,-0.11480198384477355,-0.11604532348660525,-0.11481767522624488,0.2948161811866094,-0.0373385329399965,-0.02516150209883552,-0.017619847035590153,-0.20808527596260784,-0.11482399901026956
pt_h,0.10010145654750305,-0.11421730931150051,-0.2062651345241559,1.0,0.49288860593547157,0.4873862397936276,0.49330803288508823,-0.8210934571888177,0.2173628529432161,0.8768201123447973,0.1477303840470832,0.48175575070577364,0.4930730718154283
deltaeta_jet_jet,0.07184101481808262,-0.0783863913635323,-0.11480198384477355,0.49288860593547157,1.0,0.9230406409647642,0.9999724747780554,-0.46391903841774973,0.14810204117211132,0.6289135734709662,0.0934779299115248,0.33860020657648804,0.999997732674541
mass_jet_jet,0.05914610509376757,-0.07803377450781036,-0.11604532348660525,0.4873862397936276,0.9230406409647642,1.0,0.9206540349555008,-0.4541685498397726,0.11478812625076354,0.6226460536517137,0.08953408660572176,0.3213083453541469,0.922368114777336
prodeta_jet_jet,0.0719131400324135,-0.07824993140862924,-0.11481767522624488,0.49330803288508823,0.9999724747780554,0.9206540349555008,1.0,-0.4642219823907536,0.1489661842835076,0.6293498529869375,0.09352926128509102,0.33853723947937464,0.9999849904716157
deltar_tau_lep,0.12685759677492384,-0.03784253535987667,0.2948161811866094,-0.8210934571888177,-0.46391903841774973,-0.4541685498397726,-0.4642219823907536,1.0,-0.19060458925895588,-0.7534355646030292,-0.048280306147830784,-0.38994907218324676,-0.4640576146662472
pt_tot,-0.1269564459278556,0.14680779898358792,-0.0373385329399965,0.2173628529432161,0.14810204117211132,0.11478812625076354,0.1489661842835076,-0.19060458925895588,1.0,0.26807695077094545,0.04110475125831037,0.09553927584141628,0.14836434735091183
sum_pt,0.04843477699448603,-0.0329239494474305,-0.02516150209883552,0.8768201123447973,0.6289135734709662,0.6226460536517137,0.6293498529869375,-0.7534355646030292,0.26807695077094545,1.0,0.14017112105395746,0.3783126676313796,0.6291040523587632
pt_ratio_lep_tau,-0.04436183969398195,0.22137619854071294,-0.017619847035590153,0.1477303840470832,0.0934779299115248,0.08953408660572176,0.09352926128509102,-0.048280306147830784,0.04110475125831037,0.14017112105395746,1.0,0.07162954930773713,0.09350246245880539
met_phi_centrality,0.2308509351790351,-0.22682952576783696,-0.20808527596260784,0.48175575070577364,0.33860020657648804,0.3213083453541469,0.33853723947937464,-0.38994907218324676,0.09553927584141628,0.3783126676313796,0.07162954930773713,1.0,0.338599348382069
lep_eta_centrality,0.07186336735917606,-0.0783552396781685,-0.11482399901026956,0.4930730718154283,0.999997732674541,0.922368114777336,0.9999849904716157,-0.4640576146662472,0.14836434735091183,0.6291040523587632,0.09350246245880539,0.338599348382069,1.0
